   40   62   68  -90   25   18   45  127   96  110  -67   35  100  -91   14  -99
 -106   -8  -47  -25 -123  -74  -59  -41 -105  -46  -33  -90 -110  -87  -58   76
  -68   24   10  -28  -94  -62  121   78   83 -127 -116  -49   16   31  123  108
   77  -11   37   87   -8   76   82  -95  -66 -111 -112  -83  116 -100   94  112
   26  -11   -8   56  -58  -44  -45   99 -113   25   84 -115 -121  -60 -125   95
   50  124  -31   93  -36  -33    1  -61   91   58   49  104  -22  -22   87  -83
 -100 -127  -90  -42  -67  112   85  -98   84  -20  118  -39   33   -8  -12  -61
  -44   43   -2   36  -33  -38  -60   95  120   31   18  -24   68 -110  -16  -44
   51  -73 -102   49   34   58 -122   13   14 -104   91  -30  102  -81   36  -47
  100   -1  104   11   71  -98
